3286,3
3286,2
3286,1
8,10
3286,0
8,1
3285,5
8,4
8,2
3285,4
8,3
3285,3
3285,2
3285,1
3285,0
3284,5
3284,4
3284,3
12,2
3284,2
12,1
3284,1
12,3
3284,0
3283,5
3283,4
3283,3
3283,2
3283,1
3283,0
3282,3
3282,2
3282,1
3282,0
3281,3
3281,2
3281,1
3281,0
3280,4
3280,3
3280,2
3280,1
3280,0
3279,5
3279,4
3279,3
3279,2
3279,1
3279,0
3278,7
3278,6
3278,5
3278,4
3278,3
3278,2
3278,1
3278,0
3277,5
3277,4
3277,3
3277,2
3277,1
3277,0
3276,4
3276,3
3276,2
3276,1
3276,0
3275,4
3275,3
3275,2
3275,1
3275,0
3274,3
20,2
3274,2
20,1
3274,1
20,3
3274,0
3273,8
3273,7
3273,6
3273,5
3273,4
3273,3
3273,2
3273,1
3273,0
3272,3
19,2
3272,2
19,1
3272,1
19,3
3272,0
3271,3
3271,2
3271,1
3271,0
3270,3
3270,2
3270,1
3270,0
3269,23
3269,22
3269,21
3269,20
3269,19
3269,18
3269,17
3269,16
3269,15
3269,14
3269,13
3269,12
3269,11
3269,10
3269,9
3269,8
3269,7
3269,6
3269,5
3269,4
3269,3
3269,2
3269,1
3269,0
3268,6
3268,5
3268,4
3268,3
3268,2
3268,1
3268,0
3267,9
3267,8
3267,7
3267,6
3267,5
3267,4
3267,3
3267,2
3267,1
3267,0
3266,5
3266,4
3266,3
18,1
3266,2
18,3
3266,1
3266,0
3265,3
3265,2
3265,1
3265,0
3264,5
14,6
3264,4
14,15
3264,3
14,3
3264,2
13,1
3264,1
13,3
3264,0
3263,4
3263,3
3263,2
3263,1
3263,0
3262,6
3262,1
3262,5
14,1
14,10
0,406
2,2
2,1
0,404
2,3
0,400
0,394
0,319
0,318
0,314
0,0
3361,34
3361,33
3361,32
3361,31
3361,30
3361,29
3361,28
3361,27
3361,26
3361,25
3361,24
3361,23
3361,22
3361,21
3361,20
3361,19
3361,18
3361,17
3361,16
3361,15
3361,14
3361,13
3361,12
3361,11
3361,10
3361,9
3361,8
3361,7
3361,6
3361,5
3361,4
3361,3
3361,2
3361,0
0,398
0,385
0,276
0,275
0,272
0,423
0,271
0,408
0,12
0,313
0,10
0,8
0,527
0,467
0,268
0,568
0,471
0,267
0,431
0,487
0,266
0,327
0,411
0,265
0,341
0,425
0,264
0,513
0,573
0,263
0,486
0,262
0,456
0,307
0,261
0,410
0,537
0,260
0,511
0,324
0,259
0,317
0,571
0,258
0,564
0,279
0,257
0,519
0,295
0,256
0,364
0,464
0,255
0,405
0,254
0,553
0,430
0,253
